46350
57579
68558
10804
68742
82300
335103
338079
1313215
194965
2200830
629726
172148
318843
333767
337043
337042
2495433
188539
1529450
2169991
568715
858367
683172
1247114
767521
645687
683174
1247113
2560313
2560317
2560318
1401445
153301
1805494
649604
38837
11020
2758098
1788432
1788433
1788436
1415852
1980459
341053
1263720
1891762
1891764
1213620
256548
404135
1391667
565995
35304
35310
64305
94433
192196
2779847
1678225
2170194
10317
50292
629727
11272
629725
499556
99565
37124
466217
1346815
1346816
2805939
46839
1330491
2003650
2003651
2003652
1582094
10243
42779
42769
42770
42771
42772
42773
31704
42775
42776
33757
42782
42783
12089
42785
42786
86107
42788
12067
12071
82639
12072
12073
12074
74561
1980519
1867125
742922
742923
742915
742916
742917
742918
742919
1520935
742925
742924
1348500
1208309
12637
11060
11069
11070
11053
114654
1980467
1980521
2170195
11021
128952
1000646
103914
103915
12078
35293
47501
47502
47503
47504
47505
47506
47507
35294
47508
47509
47510
45101
47511
45999
47512
47516
41846
47513
47514
47515
35295
40280
12062
46018
12060
1452750
1987020
1987021
12104
156647
150846
138948
2760809
1435148
39054
306588
297248
138949
325447
408681
1248136
1442164
171720
200154
222889
282345
222887
2760813
318563
318564
318565
318566
318567
318568
318569
318570
318571
325446
138950
2760818
2650411
861519
2760819
2760820
325445
1295563
138951
42789
12090
2015550
310907
123738
11047
2849477
57482
57483
273345
64307
2049444
54290
1673681
1862824
1862825
204269
1678234
45219
80941
2170197
1763596
1214955
1163715
1415627
1415628
10799
1980471
93830
489450
489451
1219353
1219352
1219350
1219351
1052603
1052604
1216928
63330
2008762
11103
10407
621277
489460
2764122
2847137
2847138
2847141
1282342
106820
10408
356391
63746
41856
2847144
356114
33745
33746
42182
1544901
31647
484894
31649
31651
356466
1208063
1094901
356426
42792
1094895
31653
1094899
1094898
1094900
693426
745709
693427
1208062
31655
438880
413256
413257
438881
467339
12475
509628
12092
291484
1554500
682382
1960046
2021738
10533
1461395
343463
28282
10521
31544
46922
10528
28278
10515
32608
1521028
46924
46925
46930
459785
260047
10529
10548
10522
46936
10524
46938
46941
218120
28285
107462
332179
651580
714978
880565
980087
10534
1069441
1124795
1145295
1094363
1337398
1101371
1096763
10519
1643649
326124
1972755
45659
28275
52275
31545
28280
10298
10310
10335
2038728
1985415
2169934
2169935
2169936
1868658
12456
626160
626164
626180
626181
12701
35300
35741
37130
43358
1518575
1235996
1298362
1306931
10359
32603
32604
10372
689403
2773471
1511882
638313
1511883
1108925
1108926
1108927
394504
430048
444473
158465
258453
1525173
11137
290028
277944
31631
1233383
586420
12070
1345637
1904876
166122
166124
627439
1006008
310756
310755
72197
2017081
2017082
2017083
1820160
1820158
1820159
11641
10376
37296
1792832
1488574
270642
988776
1704090
10338
12509
12721
11676
11709
2571082
129875
108098
129951
130310
130308
130309
162145
11250
2560525
10566
587349
338327
338323
518628
587350
338326
427343
565537
915426
10580
518629
518630
587351
696746
915428
720708
927771
765051
10604
765052
915429
765054
765055
765056
673323
1055684
746832
10573
909329
909331
909332
909333
1070408
1070409
1070411
1070412
1070413
1070414
1070415
1070416
1070418
1070419
1070420
942038
909328
10606
743811
743812
990302
1110710
1195796
1165934
1209820
1315262
1315259
1420545
10607
1434986
1434987
1434988
1434782
1478160
1472342
333761
1472343
1851130
10608
1542134
31547
1682340
1650736
31548
37954
37955
37956
10609
333752
37111
37112
10614
10611
10585
10586
10587
37957
37958
37959
10588
10617
10615
10590
10591
10592
10593
10594
333923
10595
10618
10596
333753
10598
37115
334210
28312
37119
37120
45240
37121
120686
333771
129724
333772
150546
171370
120381
10621
260717
338324
587347
587348
563190
1647924
333759
915425
915427
735496
931209
931210
909330
1070410
1070417
31546
1248396
333760
1315264
10583
333751
2093789
333762
325568
10584
333763
333764
334514
10589
40538
10616
40539
333765
1671798
37114
186160
471358
10599
31552
40540
37116
28311
338322
940838
37122
10600
10620
39457
1484958
1297549
10579
652810
337054
333769
211787
247269
1288116
188538
11224
11226
12063
39085
195055
362784
376148
411152
602074
289365
1511919
10798
1729141
145856
12081
1303334
746830
746831
943908
988774
253182
12730
11216
185910
185942
992230
655428
10942
1595998
11963
743300
11908
36368
11909
28332
318279
511755
1930509
273341
59563
1755290
641501
641809
93838
130760
488241
335341
370519
370522
370128
211044
183764
1332244
518987
98832
11553
290008
11072
2170198
10632
1419710
1851087
64310
1712570
35514
423447
423448
423446
1224522
44024
33743
11577
378830
378831
1126254
11085
11620
318848
40057
1965344
172314
172317
172316
1001061
1219465
82658
11086
649188
11623
38767
12538
642022
11292
10325
338478
273352
11628
348013
1004889
1239565
1046251
11269
33727
59301
35279
11234
170525
170528
1056492
763792
70149
884096
884100
884099
884094
884098
884093
884101
884097
884095
1089795
419697
35515
152219
12107
493803
943084
1335626
64300
10280
10244
619591
2083199
1516081
1569922
2560602
1384672
11168
301186
1048854
334203
933438
11079
1203539
1231709
1780507
194540
1497391
2713662
121791
122928
1529909
1529910
122929
552592
490039
1514999
1529911
1529912
1529913
1529914
1529915
1529916
1529917
1529918
1529919
1529920
1529921
1529922
1529923
1529924
1529925
1529926
1529927
1529928
1529929
1529930
1529931
1529932
262897
336619
1383577
1184498
1383578
1383579
1383580
1383581
1383582
1383583
1406147
658397
1173217
1175308
290280
707384
707385
707386
707387
546970
707388
546971
546960
546961
546962
546963
546956
546957
546958
546959
1184496
1195613
1195614
1195615
1195616
1195617
1195618
1195619
1195620
1195621
1195622
1195623
1195624
1195625
1195626
1195627
1195628
1195629
1195630
1195631
1195632
1195633
1195634
1195635
1195636
1195637
1195638
1195639
1195640
587432
546977
546978
546979
714567
546975
546976
546951
546952
546953
546954
546955
546983
546984
546985
546986
546987
546964
546965
546966
546980
546981
546982
546972
546973
546974
546967
546968
546969
1380573
1380574
1380575
1380576
1380577
1046049
934293
748172
1458701
863240
1260941
1406148
1325533
1195791
1241966
1331832
1331833
1331834
1331835
1331836
1331837
1331838
1331839
1331840
1331841
1331842
1331843
1331844
1331845
1331846
1331847
1331848
1241967
660656
660657
660658
660659
1184497
1241968
1566828
1379486
1379487
1282423
1282425
1262401
1337425
1268361
1458702
1458703
1458704
1241969
880562
1432852
1432853
1406149
392172
1241970
1133122
1383602
1406809
1406799
1383591
1383599
1383601
1406805
1406801
1406802
1383590
1406797
1406798
1383596
1406800
1383609
1383606
1406796
1316726
1221622
1221623
1241971
1241972
1183312
1312076
1498296
1241973
1241974
1260944
1282430
1458705
1183319
1183320
1175309
1175310
1175311
1175312
1291872
1291873
1486684
1486685
1486687
1486689
1486691
1486692
1486694
1486697
1336082
1336084
1336095
1336100
1336131
756495
1338688
1183318
370037
379081
296145
150137
1261195
1261196
1261197
1261198
1261199
1261200
1261201
1261202
1261203
1261204
1261205
1261206
1261207
1261208
1261209
1261210
1261211
1261212
1261213
1261214
1261215
1261216
1261217
1261218
1261219
1261220
1261221
1261222
1261223
1261224
1261225
1261226
1261227
1261228
1261229
1261230
1261231
1261232
1261233
1261234
1261235
1261236
1261237
1261238
1261239
1261240
1261241
1261242
1261243
1261244
1261245
1261246
1261247
1261248
1261249
1261250
1261251
1261252
1261253
1261254
1261255
1261256
1261257
1261258
1261259
1261260
1261261
1261262
1261263
756497
756496
479952
11983
95340
64292
2025360
31699
12542
2169701
10258
118655
40058
340907
2905673
1803956
1352534
1395611
1395615
1395620
1341019
1608453
1511785
1678143
2905917
12080
12083
12086
61673
64314
11083
1511871
11587
1980486
688436
378809
12814
1439707
186539
147711
573824
185892
185946
1219381
39767
147684
185893
185894
31708
147674
185895
2777147
147675
44128
185896
12135
185897
185898
147672
44129
185901
185902
185903
185904
185905
147673
185906
185907
185908
185909
167321
147676
167324
185911
44131
44132
185912
185913
185914
185915
185916
185917
44133
185918
185919
185920
44134
185921
185922
44135
185923
185924
185925
44136
185927
185928
185929
185930
185931
185932
147685
185890
185934
185935
167322
185937
185939
12132
185891
185940
185941
185943
185944
147712
12131
150904
185899
185900
44130
167329
147680
185889
147683
147679
147714
147677
147681
147678
185926
44137
185933
185936
167328
185938
167325
167326
167327
167330
185945
463676
1418031
11588
64285
64315
1511807
11029
28875
36427
64288
11041
2907957
434309
1425211
59303
11080
1330524
1547495
651733
206160
688699
290314
334584
291175
1346530
985691
758863
1280920
234601
2779846
228407
321147
511429
511430
511431
511432
511433
321149
228415
388737
228404
627442
253433
253434
253435
227984
228330
247149
353145
40012
11033
944645
1980490
12557
2697049
694009
1003835
992212
585082
585060
585083
585084
585085
585086
585063
585064
585087
585088
585066
585067
585068
585089
585090
585070
585091
585092
585072
585073
585093
585094
585095
585096
585097
585098
585099
585077
585078
585079
585080
585081
11642
1962300
1980491
11034
44419
84272
289366
289367
52276
11580
1452514
1277649
44027
186540
1216927
1608083
1608084
186541
99000
1623310
11318
1987017
11084
994672
1615758
60877
687379
2065051
2065052
2065053
2065054
2065055
687380
2065044
2065045
2065046
2065047
2065048
2065049
2065050
687369
2065036
2065037
2065038
1859149
687370
687371
687373
687374
687375
687376
687377
1535290
1535291
68887
687340
687349
687350
687351
687352
687354
687355
687356
687357
687358
687359
687360
687361
687363
687364
687366
687367
687368
687342
687344
687345
687346
687347
687348
11590
862909
93678
1980494
512169
59304
64286
11591
10245
126794
10249
10255
11036
11277
164416
11082
449280
449279
449277
449278
11039
440266
749340
1049224
356663
356664
373193
11837
38804
132475
11089
617102
186538
1764086
64320
